{
 "cells": [
  {
   "cell_type": "code",
   "execution_count": 1,
   "metadata": {},
   "outputs": [],
   "source": [
    "import xlrd\n",
    "import xlwt"
   ]
  },
  {
   "cell_type": "code",
   "execution_count": 2,
   "metadata": {},
   "outputs": [],
   "source": [
    "workbook = xlrd.open_workbook(r'vis_hw2.xlsx')"
   ]
  },
  {
   "cell_type": "code",
   "execution_count": 3,
   "metadata": {},
   "outputs": [
    {
     "name": "stdout",
     "output_type": "stream",
     "text": [
      "<bound method Book.sheet_names of <xlrd.book.Book object at 0x10ae04358>>\n"
     ]
    }
   ],
   "source": [
    "print(workbook.sheet_names)"
   ]
  },
  {
   "cell_type": "code",
   "execution_count": 4,
   "metadata": {},
   "outputs": [],
   "source": [
    "sheet1 = workbook.sheet_by_index(0)"
   ]
  },
  {
   "cell_type": "code",
   "execution_count": 5,
   "metadata": {},
   "outputs": [
    {
     "name": "stdout",
     "output_type": "stream",
     "text": [
      "23\n"
     ]
    }
   ],
   "source": [
    "print(sheet1.nrows)"
   ]
  },
  {
   "cell_type": "code",
   "execution_count": 6,
   "metadata": {},
   "outputs": [],
   "source": [
    "dicName = [\"city\",\"pop\", \"area\", \"univer\", \"subway\", \"landscape\", \"houseprice\",\n",
    "          \"salary\", \"car\", \"airquality\", \"forest\", \"oldman\", \"oldcity\", \"airport\", \"seaside\", \"GDP\"]"
   ]
  },
  {
   "cell_type": "code",
   "execution_count": 7,
   "metadata": {},
   "outputs": [
    {
     "name": "stdout",
     "output_type": "stream",
     "text": [
      "11009.38\n"
     ]
    }
   ],
   "source": [
    "row1 = sheet1.row_values(2)\n",
    "print(row1[15])"
   ]
  },
  {
   "cell_type": "code",
   "execution_count": 8,
   "metadata": {},
   "outputs": [
    {
     "name": "stdout",
     "output_type": "stream",
     "text": [
      "\"北京\", 1359.2, 16410.0, 8.0, 39, 71, 57768.0, 9240.0, 13.0, 226, 0.4235, 24.55, 5.0, 3.0, 0, 14051.2, \n",
      "\"深圳\", 1077.89, 1996.85, , 22, 7, 51477.0, 8315.0, 10.0, 191, 0.4004, 6.6, 0.0, 1.0, 1, 11009.38, \n",
      "\"广州\", 1404.35, 7434.4, 2.0, 30, 24, 28578.0, 7409.0, 12.0, 294, 0.42, 17.27, 2.0, 1.0, 1, 10652.98, \n",
      "\"上海\", 2420.0, 6340.0, 4.0, 24, 46, 50017.0, 8967.0, 14.0, 275, 0.162, 17.3, 0.0, 2.0, 1, 15558.15, \n",
      "\"天津\", 1562.0, 11946.0, 2.0, 20, 33, 22205.0, 6700.0, 8.0, 209, 0.0987, 23.35, 0.0, 1.0, 1, 9927.6, \n",
      "\"重庆\", 3048.0, 82402.0, 1.0, 14, 81, 9925.0, 6584.0, 10.0, 303, 0.454, 19.8, 0.0, 1.0, 0, 9821.09, \n",
      "\"成都\", 1605.0, 14605.0, 2.0, 17, 46, 12034.0, 6402.0, 8.0, 235, 0.391, 21.18, 3.0, 1.0, 0, 6870.68, \n",
      "\"西安\", 961.67, 10108.0, 2.0, 12, 30, 8880.0, 5872.0, 6.0, 180, 0.48, 15.99, 13.0, 1.0, 0, 3832.99, \n",
      "\"沈阳\", 734.4, 12948.0, 1.0, 5, 20, 7999.0, 5842.0, 8.0, 256, 0.326, 23.26, 2.0, 1.0, 0, 2705.2, \n",
      "\"大连\", 580.1, 132.37, 1.0, 8, 24, 10495.0, 6144.0, 10.0, 300, 0.415, 24.97, 0.0, 1.0, 1, 3520.6, \n",
      "\"杭州\", 946.8, 16596.0, 1.0, 12, 47, 28540.0, 7330.0, 11.0, 323, 0.6682, 22.16, 2.0, 1.0, 0, 6356.0, \n",
      "\"武汉\", 1091.4, 8494.41, 2.0, 23, 24, 16259.0, 6331.0, 10.0, 255, 0.28, 20.95, 0.0, 1.0, 0, 6780.38, \n",
      "\"苏州\", 667.01, 8488.4, , 5, 35, 15320.0, 6719.0, 11.0, 260, 0.2982, 25.2, 0.0, 0.0, 0, 9109.77, \n",
      "\"南京\", 821.61, 6597.0, 2.0, 28, 22, 25733.0, 6680.0, 11.0, 264, 0.2494, 20.0, 6.0, 1.0, 0, 6201.88, \n",
      "\"郑州\", 988.07, 7446.0, , 12, 15, 12859.0, 6191.0, 8.0, 38, 0.35, 17.3, 5.0, 2.0, 0, 4611.4, \n",
      "\"长沙\", 791.81, 11819.0, 3.0, 7, 20, 9873.0, 6186.0, 8.0, 262, 0.5482, 17.44, 0.0, 1.0, 0, 5060.0, \n",
      "\"青岛\", 909.7, 11282.0, 1.0, 9, 23, 17142.0, 6057.0, 10.0, 342, 0.394, 21.8, 0.0, 1.0, 1, 5985.43, \n",
      "\"东莞\", 834.25, 2465.0, , 4, 13, 13913.0, 6998.0, 8.0, 301, 0.374, 14.2, 0.0, 0.0, 1, 3868.6, \n",
      "\"无锡\", 650.01, 4628.0, , 4, 28, 9592.0, 6095.0, 10.0, 247, 0.352, 25.96, 0.0, 1.0, 0, 5535.66, \n",
      "\"厦门\", 401.0, 1699.39, , 5, 20, 47177.0, 6886.0, 10.0, 362, 0.428, 14.35, 0.0, 1.0, 1, 2081.51, \n"
     ]
    }
   ],
   "source": [
    "for i in range(1,21):\n",
    "    temp_row = sheet1.row_values(i)\n",
    "    str_out = '\\\"'+str(temp_row[0])+\"\\\", \"\n",
    "    for j in range(1,16):\n",
    "        if j == 4 or j == 5:\n",
    "            str_out += str(eval(temp_row[j]))+\", \"\n",
    "        elif j == 9:\n",
    "            str_out += str(temp_row[j].split('+')[0])+\", \"\n",
    "        elif j == 14:\n",
    "            if temp_row[j] == 'n':\n",
    "                str_out += \"0, \"\n",
    "            else:\n",
    "                str_out += \"1, \"\n",
    "        else:\n",
    "            str_out +=  str(temp_row[j])+\", \" \n",
    "    print(str_out)\n",
    "    "
   ]
  },
  {
   "cell_type": "code",
   "execution_count": 9,
   "metadata": {},
   "outputs": [
    {
     "data": {
      "text/plain": [
       "7"
      ]
     },
     "execution_count": 9,
     "metadata": {},
     "output_type": "execute_result"
    }
   ],
   "source": [
    "a = '2+5'\n",
    "b = eval(a)\n",
    "b"
   ]
  },
  {
   "cell_type": "code",
   "execution_count": 25,
   "metadata": {},
   "outputs": [
    {
     "name": "stdout",
     "output_type": "stream",
     "text": [
      "[0, 1, 9, 43, 183, 9, 8, 25, 45, 10, 18, 11, 9, 20, 23, 2, 6, 0, 4, 0], \n",
      "[1, 0, 198, 9, 0, 1, 0, 4, 0, 0, 1, 25, 0, 0, 10, 49, 0, 72, 0, 6], \n",
      "[9, 198, 0, 4, 1, 1, 0, 8, 0, 0, 5, 59, 0, 2, 25, 105, 1, 71, 0, 1], \n",
      "[43, 9, 4, 0, 22, 3, 1, 9, 6, 1, 112, 9, 156, 188, 20, 27, 4, 0, 142, 5], \n",
      "[183, 0, 1, 22, 0, 1, 3, 5, 30, 7, 8, 8, 12, 29, 15, 4, 12, 0, 7, 1], \n",
      "[9, 1, 1, 3, 1, 0, 49, 8, 0, 0, 0, 6, 1, 1, 8, 7, 2, 0, 1, 0], \n",
      "[8, 0, 0, 1, 3, 49, 0, 17, 1, 0, 5, 0, 1, 2, 16, 1, 1, 0, 1, 0], \n",
      "[25, 4, 8, 9, 5, 8, 17, 0, 1, 1, 4, 14, 6, 14, 66, 9, 2, 0, 5, 0], \n",
      "[45, 0, 0, 6, 30, 0, 1, 1, 0, 42, 2, 4, 6, 7, 7, 2, 3, 0, 2, 0], \n",
      "[10, 0, 0, 1, 7, 0, 0, 1, 42, 0, 0, 2, 1, 2, 4, 1, 0, 0, 1, 0], \n",
      "[8, 1, 5, 112, 8, 0, 5, 4, 2, 0, 0, 17, 43, 125, 16, 43, 3, 2, 31, 32], \n",
      "[11, 25, 59, 9, 8, 6, 0, 14, 4, 2, 17, 0, 31, 51, 119, 143, 6, 6, 24, 9], \n",
      "[9, 0, 0, 156, 12, 1, 1, 6, 6, 1, 43, 31, 0, 236, 32, 4, 1, 1, 181, 4], \n",
      "[20, 0, 2, 188, 29, 1, 2, 14, 7, 2, 125, 51, 236, 0, 50, 13, 6, 1, 181, 8], \n",
      "[23, 10, 25, 20, 15, 8, 16, 66, 7, 4, 16, 119, 32, 50, 0, 82, 14, 2, 21, 2], \n",
      "[2, 49, 105, 27, 4, 7, 1, 9, 2, 1, 43, 143, 4, 13, 82, 0, 3, 9, 2, 4], \n",
      "[6, 0, 1, 4, 12, 2, 1, 2, 3, 0, 3, 6, 1, 6, 14, 3, 0, 1, 3, 1], \n",
      "[0, 72, 71, 0, 0, 0, 0, 0, 0, 0, 2, 6, 1, 1, 2, 9, 1, 0, 0, 3], \n",
      "[4, 0, 0, 142, 7, 1, 1, 5, 2, 1, 31, 24, 181, 181, 21, 2, 3, 0, 0, 4], \n",
      "[0, 6, 1, 5, 1, 0, 0, 0, 0, 0, 32, 9, 4, 8, 2, 4, 1, 3, 4, 0, ], \n"
     ]
    }
   ],
   "source": [
    "str_out = \"\"\n",
    "for i in range(1,21):\n",
    "    temp_row = sheet1.row_values(i)\n",
    "    str_out = \"[\"\n",
    "    for j in range(18,38):\n",
    "        temp_str = str(temp_row[j])\n",
    "        if j - i == 17:\n",
    "            str_out += str(\"0, \")\n",
    "        elif j < 37:\n",
    "            str_out += str(temp_str.split('+')[0])+\", \"\n",
    "        else:\n",
    "            str_out += str(temp_str.split('+')[0])\n",
    "            \n",
    "    str_out +='], '\n",
    "    print(str_out)"
   ]
  },
  {
   "cell_type": "code",
   "execution_count": 27,
   "metadata": {},
   "outputs": [
    {
     "name": "stdout",
     "output_type": "stream",
     "text": [
      "[0, 69, 47, 116, 1, 122, 117, 61, 19, 32, 60, 27, 3, 19, 21, 26, 22, 3, 18, 38], \n",
      "[69, 0, 3, 109, 24, 56, 64, 40, 26, 27, 57, 14, 3, 36, 22, 14, 33, 0, 28, 20], \n",
      "[47, 3, 0, 73, 24, 48, 55, 36, 28, 26, 49, 17, 3, 36, 17, 15, 30, 3, 25, 17], \n",
      "[116, 109, 73, 0, 37, 69, 77, 53, 42, 39, 3, 26, 3, 1, 25, 36, 43, 3, 3, 68], \n",
      "[1, 24, 24, 37, 0, 17, 18, 14, 7, 13, 17, 7, 3, 14, 18, 13, 16, 3, 13, 23], \n",
      "[122, 56, 48, 69, 17, 0, 3, 10, 23, 17, 42, 16, 3, 34, 17, 16, 28, 3, 17, 35], \n",
      "[117, 64, 55, 77, 18, 3, 0, 16, 24, 26, 44, 23, 3, 39, 16, 20, 17, 3, 26, 29], \n",
      "[61, 40, 36, 53, 14, 10, 16, 0, 18, 11, 25, 12, 3, 21, 13, 14, 16, 3, 14, 18], \n",
      "[19, 26, 28, 42, 7, 23, 24, 18, 0, 3, 25, 14, 3, 13, 9, 23, 14, 3, 16, 34], \n",
      "[32, 27, 26, 39, 13, 17, 26, 11, 3, 0, 28, 14, 3, 19, 11, 21, 18, 3, 9, 26], \n",
      "[47, 57, 49, 3, 17, 42, 44, 25, 25, 28, 0, 14, 3, 3, 21, 14, 17, 3, 3, 15], \n",
      "[27, 14, 17, 26, 7, 16, 23, 12, 14, 14, 14, 0, 3, 14, 3, 14, 12, 3, 3, 23], \n",
      "[3, 3, 3, 3, 3, 3, 3, 3, 3, 3, 3, 3, 0, 1, 3, 3, 3, 0, 0, 3], \n",
      "[19, 36, 36, 1, 14, 34, 39, 21, 13, 19, 3, 14, 1, 0, 15, 10, 11, 3, 3, 16], \n",
      "[21, 22, 17, 25, 18, 17, 16, 13, 9, 11, 21, 3, 3, 15, 0, 18, 13, 3, 10, 19], \n",
      "[26, 14, 15, 36, 13, 16, 20, 14, 23, 21, 14, 14, 3, 10, 18, 0, 16, 3, 15, 18], \n",
      "[22, 33, 30, 43, 16, 28, 17, 16, 14, 18, 17, 12, 3, 11, 13, 16, 0, 3, 11, 24], \n",
      "[3, 0, 3, 3, 3, 3, 3, 3, 3, 3, 3, 3, 0, 3, 3, 3, 3, 0, 3, 3], \n",
      "[18, 28, 25, 3, 13, 17, 26, 14, 16, 9, 3, 3, 0, 3, 10, 15, 11, 3, 0, 17], \n",
      "[38, 20, 17, 68, 23, 35, 29, 18, 34, 26, 15, 23, 3, 16, 19, 18, 24, 3, 17, 0, ], \n"
     ]
    }
   ],
   "source": [
    "str_out = \"\"\n",
    "for i in range(1,21):\n",
    "    temp_row = sheet1.row_values(i)\n",
    "    str_out = \"[\"\n",
    "    for j in range(18,38):\n",
    "        temp_str = str(temp_row[j])\n",
    "        #print(i, j, temp_str)\n",
    "        if j - i == 17:\n",
    "            str_out += str(\"0, \")\n",
    "        elif j < 37:\n",
    "            str_out += str(temp_str.split('+')[1])+\", \"\n",
    "        else:\n",
    "            str_out += str(temp_str.split('+')[1])\n",
    "            \n",
    "    str_out +='], '\n",
    "    print(str_out)"
   ]
  },
  {
   "cell_type": "code",
   "execution_count": null,
   "metadata": {},
   "outputs": [],
   "source": []
  }
 ],
 "metadata": {
  "kernelspec": {
   "display_name": "Python 3",
   "language": "python",
   "name": "python3"
  },
  "language_info": {
   "codemirror_mode": {
    "name": "ipython",
    "version": 3
   },
   "file_extension": ".py",
   "mimetype": "text/x-python",
   "name": "python",
   "nbconvert_exporter": "python",
   "pygments_lexer": "ipython3",
   "version": "3.6.4"
  }
 },
 "nbformat": 4,
 "nbformat_minor": 2
}
